![wpn_mcx]
!hud_fov
lewd_lens_hide_enabled       = true
lewd_lens_hide_bone          = lens
lewd_lens_hide_delays        = 0.1,0
lewd_lens_hide_aim_mode      = true, false, false	
![wpn_mcx_hud]

![wpn_mcx_acog]
        scope_zoom_factor                = 42.86
		scope_texture                    =
![wpn_mcx_acog_hud]
        aim_hud_offset_pos               = -0.04104, 0.027108, -0.078191
        aim_hud_offset_pos_16x9          = -0.04104, 0.027108, -0.078191
        aim_hud_offset_rot               = 0.010836, 0.001447, -0.087963
        aim_hud_offset_rot_16x9          = 0.010836, 0.001447, -0.087963
		
![wpn_mcx_triji]
        scope_zoom_factor                = 42.86
		scope_texture                    =
![wpn_mcx_trijicon_rmr_hud]
        aim_hud_offset_pos               = -0.04104, 0.027108, -0.078191
        aim_hud_offset_pos_16x9          = -0.04104, 0.027108, -0.078191
        aim_hud_offset_rot               = 0.010836, 0.001447, -0.087963
        aim_hud_offset_rot_16x9          = 0.010836, 0.001447, -0.087963

        aim_hud_offset_alt_pos           = -0.070605, -0.031301, -0.051339
        aim_hud_offset_alt_pos_16x9      = -0.070605, -0.031301, -0.051339
        aim_hud_offset_alt_rot           = -0.044304, 0.010816, 0.65
        aim_hud_offset_alt_rot_16x9      = -0.044304, 0.010816, 0.65
		
![wpn_mcx_specter]
		zoom_step_count					 = 1
        scope_zoom_factor                = 30
        scope_texture                    =
		scope_dynamic_zoom               = on
![wpn_mcx_specter_hud]
        aim_hud_offset_pos               = -0.040812, 0.026111, -0.0648
        aim_hud_offset_pos_16x9          = -0.040812, 0.026111, -0.0648
        aim_hud_offset_rot               = 0.004986, 0.000728, -0.08518
        aim_hud_offset_rot_16x9          = 0.004986, 0.000728, -0.08518

        aim_hud_offset_alt_pos           = -0.041275, 0.002705, -0.057323
        aim_hud_offset_alt_pos_16x9      = -0.041275, 0.002705, -0.057323
        aim_hud_offset_alt_rot           = 0.005386, 0.004754, -0.07752
        aim_hud_offset_alt_rot_16x9      = 0.005386, 0.004754, -0.07752	
		
![wpn_mcx_spec_alt]
		zoom_step_count					 = 1
        scope_zoom_factor                = 30
        scope_texture                    =
		scope_dynamic_zoom               = on
![wpn_mcx_spec_alt_hud]
        aim_hud_offset_pos               = -0.040812, 0.026111, -0.0648
        aim_hud_offset_pos_16x9          = -0.040812, 0.026111, -0.0648
        aim_hud_offset_rot               = 0.004986, 0.000728, -0.08518
        aim_hud_offset_rot_16x9          = 0.004986, 0.000728, -0.08518
		
        aim_hud_offset_alt_pos           = -0.070605, -0.031301, -0.051339
        aim_hud_offset_alt_pos_16x9      = -0.070605, -0.031301, -0.051339
        aim_hud_offset_alt_rot           = -0.044304, 0.010816, 0.65
        aim_hud_offset_alt_rot_16x9      = -0.044304, 0.010816, 0.65		